1,0,12,0.37370592
1,8,20,0.37459906
1,16,28,0.35329629
1,24,36,0.37463751
1,32,44,0.35460307
1,40,52,0.33637376
1,48,60,0.3390722
1,56,68,0.35944808
1,0,13,0.37259191
1,8,21,0.37382608
1,16,29,0.3537644
1,24,37,0.37330145
1,32,45,0.35479568
1,40,53,0.33602855
1,48,61,0.33978044
1,56,69,0.35746256
1,0,14,0.3715462
1,8,22,0.36482078
1,16,30,0.35402095
1,24,38,0.36801888
1,32,46,0.34455146
1,40,54,0.33444667
1,48,62,0.34002866
1,56,70,0.35707212
1,0,15,0.37023992
1,8,23,0.36363058
1,16,31,0.35372337
1,24,39,0.36711127
1,32,47,0.34537817
1,40,55,0.33422289
1,48,63,0.34043001
1,56,71,0.35658726
1,0,16,0.36961885
1,8,24,0.36387504
1,16,32,0.35333407
1,24,40,0.36619024
1,32,48,0.34441385
1,40,56,0.33263338
1,48,64,0.34188747
1,56,72,0.35620791
1,0,17,0.36883311
1,8,25,0.36424766
1,16,33,0.35271829
1,24,41,0.36562594
1,32,49,0.34429832
1,40,57,0.33319142
1,48,65,0.34262036
1,56,73,0.35597844
1,0,18,0.36811495
1,8,26,0.36330296
1,16,34,0.35351208
1,24,42,0.3655147
1,32,50,0.3440287
1,40,58,0.3333233
1,48,66,0.34359445
1,56,74,0.35614853
1,0,19,0.36742829
1,8,27,0.3630297
1,16,35,0.35351475
1,24,43,0.36480285
1,32,51,0.34339871
1,40,59,0.333525
1,48,67,0.34335671
2,0,12,0.26404572
2,8,20,0.26611449
2,16,28,0.27312562
2,24,36,0.27320929
2,32,44,0.27364014
2,40,52,0.28050298
2,48,60,0.28213479
2,56,68,0.27808681
2,0,13,0.26159188
2,8,21,0.26415229
2,16,29,0.27096248
2,24,37,0.27069978
2,32,45,0.27151488
2,40,53,0.27842448
2,48,61,0.28021482
2,56,69,0.2757212
2,0,14,0.25949189
2,8,22,0.26226498
2,16,30,0.26901038
2,24,38,0.26850672
2,32,46,0.26981836
2,40,54,0.27657041
2,48,62,0.27836775
2,56,70,0.27362894
2,0,15,0.25754628
2,8,23,0.2605778
2,16,31,0.26707861
2,24,39,0.2665204
2,32,47,0.26816736
2,40,55,0.27471197
2,48,63,0.27635417
2,56,71,0.271681
2,0,16,0.25588561
2,8,24,0.258945
2,16,32,0.26537449
2,24,40,0.26456255
2,32,48,0.26674279
2,40,56,0.27316685
2,48,64,0.27447532
2,56,72,0.27009349
2,0,17,0.25434694
2,8,25,0.25747054
2,16,33,0.26360413
2,24,41,0.26282338
2,32,49,0.26537577
2,40,57,0.27158536
2,48,65,0.27253232
2,56,73,0.26868963
2,0,18,0.25298771
2,8,26,0.25611343
2,16,34,0.26197708
2,24,42,0.26133792
2,32,50,0.26416938
2,40,58,0.27009574
2,48,66,0.27063695
2,56,74,0.26732449
2,0,19,0.25169662
2,8,27,0.25480483
2,16,35,0.26022882
2,24,43,0.25986614
2,32,51,0.2628924
2,40,59,0.26865597
2,48,67,0.26885863
3,0,12,0.034695986
3,8,20,0.029205011
3,16,28,0.11807385
3,24,36,0.22943686
3,32,44,0.27348396
3,40,52,0.21631362
3,48,60,0.14828201
3,56,68,0.11031983
3,0,13,0.032831798
3,8,21,0.029062454
3,16,29,0.12222904
3,24,37,0.23126676
3,32,45,0.2581493
3,40,53,0.20636252
3,48,61,0.1420633
3,56,69,0.10890165
3,0,14,0.028323992
3,8,22,0.029944687
3,16,30,0.12672666
3,24,38,0.23320184
3,32,46,0.24752714
3,40,54,0.20438217
3,48,62,0.13690802
3,56,70,0.10886762
3,0,15,0.026638309
3,8,23,0.031379549
3,16,31,0.13094575
3,24,39,0.23499007
3,32,47,0.24522969
3,40,55,0.19667097
3,48,63,0.13512881
3,56,71,0.1047186
3,0,16,0.021925244
3,8,24,0.033179489
3,16,32,0.13514224
3,24,40,0.23677131
3,32,48,0.23823935
3,40,56,0.19526644
3,48,64,0.13365112
3,56,72,0.10421589
3,0,17,0.013041678
3,8,25,0.035076353
3,16,33,0.13904504
3,24,41,0.23845529
3,32,49,0.23646108
3,40,57,0.18949597
3,48,65,0.12880315
3,56,73,0.10300063
3,0,18,0.006917318
3,8,26,0.038569258
3,16,34,0.14277048
3,24,42,0.24020028
3,32,50,0.23225126
3,40,58,0.18844591
3,48,66,0.12739597
3,56,74,0.10244459
3,0,19,0.0044657515
3,8,27,0.043121287
3,16,35,0.14630874
3,24,43,0.24143683
3,32,51,0.22662955
3,40,59,0.18036046
3,48,67,0.12574532
4,0,12,0.11070922
4,8,20,0.13757535
4,16,28,0.27017366
4,24,36,0.21371129
4,32,44,0.15282683
4,40,52,0.1197488
4,48,60,0.11641248
4,56,68,0.11248916
4,0,13,0.11024597
4,8,21,0.14188026
4,16,29,0.26235843
4,24,37,0.20494856
4,32,45,0.15082192
4,40,53,0.1202337
4,48,61,0.11282403
4,56,69,0.11018324
4,0,14,0.10856225
4,8,22,0.14672244
4,16,30,0.24591227
4,24,38,0.20284196
4,32,46,0.14530077
4,40,54,0.11989272
4,48,62,0.11187897
4,56,70,0.1105711
4,0,15,0.10825841
4,8,23,0.15154017
4,16,31,0.23989241
4,24,39,0.19319198
4,32,47,0.14336457
4,40,55,0.11835622
4,48,63,0.11085626
4,56,71,0.10790911
4,0,16,0.10843817
4,8,24,0.15610883
4,16,32,0.23717692
4,24,40,0.18807041
4,32,48,0.1414447
4,40,56,0.11863168
4,48,64,0.10956631
4,56,72,0.10780899
4,0,17,0.11032636
4,8,25,0.16037699
4,16,33,0.2326098
4,24,41,0.18592573
4,32,49,0.13974547
4,40,57,0.11463232
4,48,65,0.10828788
4,56,73,0.10734827
4,0,18,0.11388516
4,8,26,0.16475821
4,16,34,0.23059441
4,24,42,0.18284701
4,32,50,0.13605357
4,40,58,0.11517733
4,48,66,0.1086894
4,56,74,0.1037729
4,0,19,0.11764109
4,8,27,0.16864641
4,16,35,0.22154844
4,24,43,0.18070251
4,32,51,0.13481614
4,40,59,0.11389845
4,48,67,0.10627468
5,0,12,0.15510146
5,8,20,0.1557568
5,16,28,0.14607425
5,24,36,0.17806697
5,32,44,0.22287942
5,40,52,0.26928611
5,48,60,0.27982797
5,56,68,0.2455501
5,0,13,0.15534939
5,8,21,0.15521743
5,16,29,0.14491582
5,24,37,0.17774198
5,32,45,0.22495895
5,40,53,0.26894931
5,48,61,0.28014327
5,56,69,0.23431395
5,0,14,0.15449515
5,8,22,0.15267109
5,16,30,0.1438219
5,24,38,0.17815378
5,32,46,0.22691474
5,40,54,0.26857689
5,48,62,0.28056978
5,56,70,0.2254162
5,0,15,0.15413726
5,8,23,0.14849182
5,16,31,0.14302513
5,24,39,0.17922472
5,32,47,0.22902432
5,40,55,0.26852067
5,48,63,0.27673163
5,56,71,0.22247145
5,0,16,0.15281279
5,8,24,0.1447263
5,16,32,0.14235373
5,24,40,0.18117721
5,32,48,0.23114481
5,40,56,0.2683192
5,48,64,0.27512027
5,56,72,0.2162353
5,0,17,0.15117926
5,8,25,0.1423677
5,16,33,0.14178593
5,24,41,0.1835766
5,32,49,0.2332055
5,40,57,0.26800243
5,48,65,0.27045688
5,56,73,0.20910476
5,0,18,0.14875843
5,8,26,0.14020725
5,16,34,0.14172123
5,24,42,0.18608555
5,32,50,0.23520526
5,40,58,0.26813545
5,48,66,0.26739204
5,56,74,0.20501839
5,0,19,0.14851118
5,8,27,0.13945332
5,16,35,0.14205126
5,24,43,0.18852998
5,32,51,0.23717519
5,40,59,0.26802402
5,48,67,0.25991655
6,0,12,0.27355535
6,8,20,0.27456013
6,16,28,0.27136568
6,24,36,0.26987033
6,32,44,0.26291776
6,40,52,0.26078218
6,48,60,0.25631595
6,56,68,0.25933725
6,0,13,0.27106963
6,8,21,0.27191949
6,16,29,0.26892272
6,24,37,0.26737185
6,32,45,0.26077142
6,40,53,0.25813609
6,48,61,0.25378384
6,56,69,0.25709961
6,0,14,0.26850285
6,8,22,0.26937598
6,16,30,0.26673812
6,24,38,0.26498297
6,32,46,0.2588019
6,40,54,0.25571558
6,48,62,0.25153395
6,56,70,0.25502819
6,0,15,0.2660642
6,8,23,0.26697154
6,16,31,0.26462694
6,24,39,0.26258547
6,32,47,0.25668629
6,40,55,0.25336344
6,48,63,0.24928354
6,56,71,0.25299942
6,0,16,0.2638325
6,8,24,0.26466481
6,16,32,0.26260427
6,24,40,0.26054191
6,32,48,0.25472967
6,40,56,0.25121733
6,48,64,0.24726454
6,56,72,0.25107458
6,0,17,0.26164039
6,8,25,0.26251724
6,16,33,0.26061261
6,24,41,0.25856678
6,32,49,0.25269556
6,40,57,0.24902538
6,48,65,0.24530745
6,56,73,0.24923868
6,0,18,0.25968771
6,8,26,0.26051581
6,16,34,0.25876414
6,24,42,0.25680498
6,32,50,0.25049604
6,40,58,0.24703055
6,48,66,0.24353437
6,56,74,0.24745994
6,0,19,0.25782922
6,8,27,0.25875001
6,16,35,0.25693539
6,24,43,0.2550631
6,32,51,0.24841406
6,40,59,0.24509036
6,48,67,0.24182223
7,0,12,0.37744744
7,8,20,0.3702562
7,16,28,0.37539849
7,24,36,0.3820328
7,32,44,0.38449758
7,40,52,0.37377158
7,48,60,0.37500678
7,56,68,0.38503946
7,0,13,0.37545181
7,8,21,0.3688592
7,16,29,0.37389902
7,24,37,0.38140358
7,32,45,0.38291774
7,40,53,0.37278579
7,48,61,0.37451534
7,56,69,0.38385736
7,0,14,0.37377845
7,8,22,0.36786562
7,16,30,0.37282472
7,24,38,0.3803209
7,32,46,0.3814443
7,40,54,0.3718806
7,48,62,0.37452924
7,56,70,0.38293337
7,0,15,0.37224254
7,8,23,0.36699446
7,16,31,0.37168344
7,24,39,0.37931709
7,32,47,0.38006205
7,40,55,0.37056442
7,48,63,0.37418701
7,56,71,0.38203346
7,0,16,0.37092321
7,8,24,0.36630087
7,16,32,0.3705384
7,24,40,0.37945669
7,32,48,0.37860415
7,40,56,0.36961285
7,48,64,0.37438198
7,56,72,0.38096271
7,0,17,0.36918007
7,8,25,0.3656234
7,16,33,0.36949891
7,24,41,0.37902248
7,32,49,0.37724886
7,40,57,0.36829593
7,48,65,0.37426124
7,56,73,0.37995424
7,0,18,0.3677575
7,8,26,0.36496752
7,16,34,0.36961399
7,24,42,0.37902713
7,32,50,0.37699828
7,40,58,0.36703475
7,48,66,0.37351455
7,56,74,0.37916315
7,0,19,0.36636273
7,8,27,0.364381
7,16,35,0.368994
7,24,43,0.37843514
7,32,51,0.37646455
7,40,59,0.36580971
7,48,67,0.37296925
8,0,12,0.35390544
8,8,20,0.33584957
8,16,28,0.3573847
8,24,36,0.35975078
8,32,44,0.34763523
8,40,52,0.33602894
8,48,60,0.33635868
8,56,68,0.31325644
8,0,13,0.35024111
8,8,21,0.33465229
8,16,29,0.35819052
8,24,37,0.36109418
8,32,45,0.34759257
8,40,53,0.33544367
8,48,61,0.33526538
8,56,69,0.31356186
8,0,14,0.34587112
8,8,22,0.33555282
8,16,30,0.35835539
8,24,38,0.36147577
8,32,46,0.34850572
8,40,54,0.33570903
8,48,62,0.33347079
8,56,70,0.31454597
8,0,15,0.34385744
8,8,23,0.3353094
8,16,31,0.35525102
8,24,39,0.36127033
8,32,47,0.34857154
8,40,55,0.33491674
8,48,63,0.33085917
8,56,71,0.31460285
8,0,16,0.34214237
8,8,24,0.3366957
8,16,32,0.35301823
8,24,40,0.36165252
8,32,48,0.3493109
8,40,56,0.33424868
8,48,64,0.32966334
8,56,72,0.31495456
8,0,17,0.33932468
8,8,25,0.33758036
8,16,33,0.35311357
8,24,41,0.36170294
8,32,49,0.34863562
8,40,57,0.33361992
8,48,65,0.32854773
8,56,73,0.31528418
8,0,18,0.3375164
8,8,26,0.33936425
8,16,34,0.3544362
8,24,42,0.35473905
8,32,50,0.34771307
8,40,58,0.33344744
8,48,66,0.32085684
8,56,74,0.31537512
8,0,19,0.33544627
8,8,27,0.33982791
8,16,35,0.35561106
8,24,43,0.35366627
8,32,51,0.34684177
8,40,59,0.33269799
8,48,67,0.31968231
9,0,12,0.34669403
9,8,20,0.34638261
9,16,28,0.36454217
9,24,36,0.35792318
9,32,44,0.34903444
9,40,52,0.35748092
9,48,60,0.35062141
9,56,68,0.35895956
9,0,13,0.34727842
9,8,21,0.34586476
9,16,29,0.36435388
9,24,37,0.35701847
9,32,45,0.34924594
9,40,53,0.35483513
9,48,61,0.35030491
9,56,69,0.35862938
9,0,14,0.34784035
9,8,22,0.34567876
9,16,30,0.3633823
9,24,38,0.35626663
9,32,46,0.34923687
9,40,54,0.35383583
9,48,62,0.35017843
9,56,70,0.35634641
9,0,15,0.34548342
9,8,23,0.3455309
9,16,31,0.36216942
9,24,39,0.35548338
9,32,47,0.34920639
9,40,55,0.35325859
9,48,63,0.35012256
9,56,71,0.35565251
9,0,16,0.34528428
9,8,24,0.34540597
9,16,32,0.36036944
9,24,40,0.35480149
9,32,48,0.34904863
9,40,56,0.35254912
9,48,64,0.35060049
9,56,72,0.35472891
9,0,17,0.3438797
9,8,25,0.34541155
9,16,33,0.35873496
9,24,41,0.3541487
9,32,49,0.34899088
9,40,57,0.35191749
9,48,65,0.35082816
9,56,73,0.35360338
9,0,18,0.34342631
9,8,26,0.34735719
9,16,34,0.3572081
9,24,42,0.35383122
9,32,50,0.34880598
9,40,58,0.35151682
9,48,66,0.35020959
9,56,74,0.35249114
9,0,19,0.34332492
9,8,27,0.34785749
9,16,35,0.35576736
9,24,43,0.3535206
9,32,51,0.3483331
9,40,59,0.35123102
9,48,67,0.34957331
10,0,12,0.32071889
10,8,20,0.33356746
10,16,28,0.30552227
10,24,36,0.29596876
10,32,44,0.34031898
10,40,52,0.34176316
10,48,60,0.33171143
10,56,68,0.37366942
10,0,13,0.31964638
10,8,21,0.33225657
10,16,29,0.30524098
10,24,37,0.29700809
10,32,45,0.34032782
10,40,53,0.33825657
10,48,61,0.33319222
10,56,69,0.37219248
10,0,14,0.32029135
10,8,22,0.33268791
10,16,30,0.30621096
10,24,38,0.29800822
10,32,46,0.34070884
10,40,54,0.33524216
10,48,62,0.3344607
10,56,70,0.36272839
10,0,15,0.32037572
10,8,23,0.32900077
10,16,31,0.30659254
10,24,39,0.2991375
10,32,47,0.340378
10,40,55,0.33165627
10,48,63,0.33535974
10,56,71,0.36164606
10,0,16,0.32157251
10,8,24,0.31191269
10,16,32,0.3072522
10,24,40,0.29981763
10,32,48,0.34015445
10,40,56,0.33122465
10,48,64,0.33694389
10,56,72,0.36062007
10,0,17,0.32203881
10,8,25,0.31200067
10,16,33,0.30806329
10,24,41,0.30064562
10,32,49,0.33965377
10,40,57,0.33176221
10,48,65,0.3379911
10,56,73,0.35966549
10,0,18,0.32282302
10,8,26,0.30654915
10,16,34,0.30885642
10,24,42,0.30252484
10,32,50,0.33870741
10,40,58,0.33363765
10,48,66,0.33879962
10,56,74,0.35867182
10,0,19,0.32342466
10,8,27,0.30730596
10,16,35,0.30962436
10,24,43,0.30339535
10,32,51,0.33704963
10,40,59,0.33485386
10,48,67,0.33926594
11,0,12,0.72540915
11,8,20,0.68152563
11,16,28,0.783701
11,24,36,0.78152763
11,32,44,0.74106347
11,0,13,0.72392263
11,8,21,0.68368776
11,16,29,0.78170662
11,24,37,0.77688787
11,32,45,0.73900047
11,0,14,0.72301979
11,8,22,0.68542312
11,16,30,0.78082933
11,24,38,0.77661973
11,32,46,0.73690926
11,0,15,0.72307902
11,8,23,0.68732832
11,16,31,0.77814149
11,24,39,0.7752548
11,32,47,0.7365894
11,0,16,0.72326697
11,8,24,0.6891394
11,16,32,0.77826863
11,24,40,0.77549146
11,32,48,0.73588324
11,0,17,0.72336566
11,8,25,0.69082323
11,16,33,0.77849963
11,24,41,0.77550162
11,32,49,0.73570244
11,0,18,0.72352769
11,8,26,0.69261926
11,16,34,0.7791201
11,24,42,0.77406325
11,0,19,0.72316811
11,8,27,0.69411288
11,16,35,0.78010715
11,24,43,0.77181913
